0,1,2,3,4,5,6,7,8,9,10,11,12,13,14,15,16,17,18,19,label
0.4385933853705641,0.13653901114604172,0.5855150918943727,0.8302557536139098,0.9596220850944519,-0.08806107193231583,0.26715418696403503,8.82824420928955,0.04717065021395683,0.9866631627082825,0.1557925045490265,-6.557032585144043,-0.27731043100357056,-0.13689999282360077,0.9509770274162292,-46.4545783996582,0.0,0.0,0.0,1.0,0
0.39377724811054626,0.2414712663999941,0.6326253201444383,1.125031213212999,0.9722501635551453,-0.11951031535863876,0.20111528038978577,8.51534366607666,0.08434205502271652,0.9809198975563049,0.1751655638217926,-6.543185234069824,-0.2182120382785797,-0.15334221720695496,0.9637789130210876,-47.352046966552734,0.0,0.0,0.0,1.0,0
0.4168643004699524,0.21947611911122694,0.6551105482560287,0.952605763335377,0.9783072471618652,-0.15130619704723358,0.14149300754070282,7.932681560516357,0.12693087756633759,0.9776157140731812,0.16779538989067078,-6.7242937088012695,-0.1637142300605774,-0.14619576930999756,0.975614607334137,-47.76240158081055,0.0,0.0,0.0,1.0,0
0.5231338952352081,0.45663630986320786,0.534408974769239,0.6097891244268825,0.9823258519172668,-0.17768387496471405,0.05886223167181015,7.454655647277832,0.16784395277500153,0.9753598570823669,0.14318597316741943,-7.051345348358154,-0.08285363763570786,-0.1307755410671234,0.9879442453384399,-47.891666412353516,0.0,0.0,0.0,1.0,0
0.4920857279874618,0.47196510834328614,0.5326637924589429,0.634108016947061,0.9835311770439148,-0.16988950967788696,0.06166756525635719,7.359921932220459,0.16229407489299774,0.9803290963172913,0.11231619864702225,-7.1559062004089355,-0.07953585684299469,-0.10045833885669708,0.9917569160461426,-47.733455657958984,0.0,0.0,0.0,1.0,0
0.47368429387943856,0.35902818494011224,0.5791306853331751,0.6955198401408031,0.9793476462364197,-0.19678886234760284,0.04639188572764397,6.949923515319824,0.19113756716251373,0.975945234298706,0.10486773401498795,-7.205873489379883,-0.06591277569532394,-0.09383470565080643,0.993403434753418,-47.668636322021484,0.0,0.0,0.0,1.0,0
0.44932946218719755,0.39515206850395795,0.5631567024742854,0.7042518167148597,0.9711112976074219,-0.2311667650938034,0.059200141578912735,6.760342597961426,0.22521761059761047,0.9698805809020996,0.0927828922867775,-7.220220565795898,-0.07886537164449692,-0.07676972448825836,0.9939247965812683,-47.27770233154297,0.0,0.0,0.0,1.0,0
0.48441003859240483,0.600642930082896,0.5509368880822374,0.4885357961264723,0.8736445903778076,-0.30993324518203735,0.37508147954940796,7.917468070983887,0.26525649428367615,0.9496313333511353,0.16685009002685547,-6.758059501647949,-0.4079015254974365,-0.04627491533756256,0.9118521809577942,-45.571895599365234,0.0,0.0,0.0,1.0,0
0.4940672558466005,0.5910924438504862,0.5503337315461251,0.47779706526200577,0.8572442531585693,-0.35217490792274475,0.37564006447792053,7.6727614402771,0.2891539931297302,0.9328870177268982,0.2147369682788849,-6.698256015777588,-0.42605480551719666,-0.0754641517996788,0.901544451713562,-46.17473220825195,0.0,0.0,0.0,1.0,0
0.508516528453754,0.5586169038918984,0.5179929477193159,0.5113412432080341,0.8695269823074341,-0.3596252202987671,0.33851417899131775,7.447664737701416,0.2927575707435608,0.9273232221603394,0.23316088318824768,-6.750365257263184,-0.3977627456188202,-0.10363703966140747,0.911615788936615,-46.39645767211914,0.0,0.0,0.0,1.0,0
0.49634642556107383,0.5919971851833877,0.527888356204617,0.4459413205079822,0.8802459836006165,-0.24437610805034637,0.4067525863647461,9.296067237854004,0.16664791107177734,0.9617955684661865,0.21720504760742188,-6.40688943862915,-0.4442923963069916,-0.12340942025184631,0.8873415589332581,-45.39369201660156,0.0,0.0,0.0,1.0,0
0.3692523221305637,0.5855839925546766,0.6569886701301689,0.4961742547719946,0.9337524175643921,0.2626398801803589,0.243161141872406,11.384965896606445,-0.2892809212207794,0.9538452625274658,0.08060088008642197,-7.179656028747559,-0.21076901257038116,-0.14560328423976898,0.9666318297386169,-45.845760345458984,0.0,0.0,0.0,1.0,0
0.3256756384378509,0.5185015409135466,0.7085065495735138,0.5699771412649188,0.851081907749176,0.44531694054603577,0.2781229317188263,13.466829299926758,-0.4842377305030823,0.8704983592033386,0.08801168203353882,-7.430929183959961,-0.20291273295879364,-0.20958274602890015,0.9565045237541199,-45.167503356933594,0.0,0.0,0.0,1.0,0
0.34548682911765843,0.46854426146531936,0.6295271125609954,0.501890237155608,0.7324882745742798,0.49897879362106323,0.4631200432777405,14.569235801696777,-0.5729323625564575,0.8192658424377441,0.023470716550946236,-7.653642654418945,-0.36770734190940857,-0.2825286090373993,0.8859840631484985,-43.31480407714844,0.0,0.0,0.0,1.0,0
0.34909018418666704,0.47807801493008095,0.6532483922983632,0.5083384690519657,0.7319293022155762,0.5070534348487854,0.45516639947891235,14.786482810974121,-0.5850685238838196,0.810074508190155,0.038398779928684235,-7.750270366668701,-0.34924840927124023,-0.2944087088108063,0.8895780444145203,-43.64987564086914,0.0,0.0,0.0,1.0,0
0.3466943531757314,0.5625852599875986,0.7015907367622899,0.453318908787718,0.7877128720283508,0.43559500575065613,0.4356212019920349,15.14781665802002,-0.5672745108604431,0.7886322736740112,0.23719041049480438,-7.120311737060547,-0.2402258664369583,-0.43395471572875977,0.8683176040649414,-44.09699630737305,0.0,0.0,0.0,1.0,0
0.35879644012353573,0.5472856142103403,0.6953142367388481,0.49038912808374313,0.7614148855209351,0.5019757747650146,0.41020506620407104,15.527219772338867,-0.6330281496047974,0.712119996547699,0.3035798668861389,-6.854798316955566,-0.13972552120685577,-0.4908214807510376,0.8599832057952881,-44.664093017578125,0.0,0.0,0.0,1.0,0
0.3535526546751291,0.5335665311329029,0.6790110566150616,0.48246978116795736,0.7397415637969971,0.5021975040435791,0.44786131381988525,15.702177047729492,-0.6472041606903076,0.7131573557853699,0.2693200409412384,-6.890272617340088,-0.18414366245269775,-0.48908504843711853,0.8525764346122742,-44.01594543457031,0.0,0.0,0.0,1.0,0
0.3525296465359487,0.5308369684196769,0.6845567593772196,0.4818475207370391,0.7465143799781799,0.49883678555488586,0.4403144121170044,15.716253280639648,-0.6397503614425659,0.7199839353561401,0.268963098526001,-6.92327880859375,-0.18285082280635834,-0.4824765920639038,0.8566100001335144,-43.90835189819336,0.0,0.0,0.0,1.0,0
0.343496066852689,0.5094566606879193,0.7053445567682951,0.5208952536304802,0.775695264339447,0.5114719271659851,0.36972105503082275,14.900664329528809,-0.587087094783783,0.7997594475746155,0.12535423040390015,-7.553106307983398,-0.2315727323293686,-0.31429511308670044,0.9206480979919434,-44.27390670776367,0.0,0.0,0.0,1.0,0
0.36565651392747556,0.543873314960877,0.6585016322259188,0.5145955131187668,0.6921095252037048,0.5408710241317749,0.4779568016529083,14.66706657409668,-0.5421130061149597,0.8267138600349426,-0.1505238115787506,-8.140320777893066,-0.47654756903648376,-0.15492767095565796,0.8653897047042847,-42.290306091308594,0.0,0.0,0.0,1.0,0
0.3238717015067491,0.5262845502756998,0.6518428169059293,0.48537658876540074,0.6423231363296509,0.5791831612586975,0.5019636750221252,14.889519691467285,-0.6162993311882019,0.7796548008918762,-0.11096376925706863,-8.26035213470459,-0.4556269943714142,-0.23808526992797852,0.8577405214309692,-42.49039840698242,0.0,0.0,0.0,1.0,0
0.3640470164828844,0.491702729905418,0.6068933202300538,0.5021158340175582,0.6602134704589844,0.5630653500556946,0.49706676602363586,14.452596664428711,-0.600912868976593,0.7930139899253845,-0.10016323626041412,-8.17376708984375,-0.45057931542396545,-0.23256473243236542,0.8619115948677063,-42.267822265625,0.0,0.0,0.0,1.0,0
0.5658289552325502,0.852022806452108,0.5353545303563724,0.3010979254651209,0.9036398530006409,0.2591201663017273,0.34101635217666626,13.318719863891602,-0.36470645666122437,0.8829983472824097,0.29547128081321716,-6.124475955963135,-0.22455425560474396,-0.3913704454898834,0.8924152255058289,-44.845977783203125,0.0,0.0,0.0,1.0,0
0.6934338983517618,2.0314754827677293,0.40763452914798204,-0.10947830387648018,0.9504842162132263,0.245975524187088,-0.18993423879146576,9.995539665222168,-0.15362533926963806,0.9031645059585571,0.40086475014686584,-5.085853099822998,0.27014490962028503,-0.35183700919151306,0.8962319493293762,-48.41824722290039,0.0,0.0,0.0,1.0,0
0.5777697211069144,-1.22273263965759,0.465585107879705,-0.46888793555460223,0.9521392583847046,0.1893608719110489,-0.23994313180446625,9.267233848571777,-0.034657470881938934,0.8468090295791626,0.5307666063308716,-4.6756978034973145,0.3036925196647644,-0.49704796075820923,0.8128431439399719,-49.060340881347656,0.0,0.0,0.0,1.0,0
0.4678704724875538,-0.9493433990991562,0.6016368943890293,-0.6618657806240705,0.9958568811416626,-0.020997874438762665,0.08847413957118988,10.290124893188477,-0.024317434057593346,0.8760380148887634,0.4816281497478485,-4.284739971160889,-0.08761988580226898,-0.48178428411483765,0.8718981146812439,-47.180259704589844,0.0,0.0,0.0,1.0,0
0.3320065479316583,-1.1834310670893482,0.6798013778738423,-18.29616602180795,0.9274815320968628,-0.20488879084587097,0.31272950768470764,10.584830284118652,0.030756093561649323,0.8754430413246155,0.48234227299690247,-4.537786960601807,-0.37260353565216064,-0.4377449154853821,0.8182583451271057,-46.38581085205078,0.0,0.0,0.0,1.0,0
0.4105500418692897,-0.8027540255413659,0.5701258421056702,27.66590761223162,0.8980863690376282,-0.25873881578445435,0.35566025972366333,10.410871505737305,0.053263165056705475,0.8666830062866211,0.4960063695907593,-4.601213455200195,-0.43658116459846497,-0.42651310563087463,0.7921380400657654,-46.91767501831055,0.0,0.0,0.0,1.0,0
0.47166426519843124,0.15452626183735232,0.5736276017342856,-3.9999100476747325,0.9544743299484253,-0.18268965184688568,0.23580282926559448,9.597079277038574,0.07256266474723816,0.9089646339416504,0.41050955653190613,-5.126241683959961,-0.28933221101760864,-0.3747103214263916,0.8808402419090271,-47.399253845214844,0.0,0.0,0.0,1.0,0
0.4673556029685608,0.7601793025554143,0.4468100940615364,2.0934745188044444,0.974452018737793,-0.08825499564409256,0.20652994513511658,9.488917350769043,0.05878780409693718,0.9877272248268127,0.14470526576042175,-6.7109527587890625,-0.21676604449748993,-0.12886691093444824,0.9676807522773743,-47.05555725097656,0.0,0.0,0.0,1.0,0
0.4752598692735178,0.6327932133399166,0.5462724698804065,0.521411511420594,0.9626114368438721,-0.06460420787334442,0.26307040452957153,9.430322647094727,0.06045977771282196,0.9978867173194885,0.023828240111470222,-7.346584320068359,-0.2640535831451416,-0.007032083347439766,0.9644826054573059,-45.78190612792969,0.0,0.0,0.0,1.0,0
0.43714116934488867,0.18532070264655265,0.6006260381454372,0.7103198183785101,0.9689799547195435,-0.07226265966892242,0.23633913695812225,9.322794914245605,0.058992840349674225,0.9962843656539917,0.06275428086519241,-7.558657646179199,-0.23999564349651337,-0.04686528816819191,0.9696422815322876,-46.88857650756836,0.0,0.0,0.0,1.0,0
0.48163125572036414,0.5087166561646713,0.5056175774086142,0.692602756814071,0.9866896867752075,-0.07697167992591858,0.14324019849300385,8.878140449523926,0.07068909704685211,0.9963205456733704,0.04845215380191803,-7.370448589324951,-0.14644251763820648,-0.03768184408545494,0.9885010123252869,-47.18524932861328,0.0,0.0,0.0,1.0,0
0.4907700907481957,0.3867128231568093,0.5103761265416868,-0.970063025210084,0.9422169327735901,-0.030312910676002502,-0.33363115787506104,6.9562883377075195,0.05802794173359871,0.9956123232841492,0.07341934740543365,-7.16294527053833,0.32994145154953003,-0.08853687345981598,0.9398409724235535,-48.3067512512207,0.0,0.0,0.0,1.0,0
0.732238157749451,0.29491871648650947,0.36985522548681193,4.622993331686836,0.7307568192481995,-0.009963606484234333,-0.6825657486915588,5.860744953155518,0.07602943480014801,0.9948609471321106,0.06687510013580322,-6.915060997009277,0.6783912777900696,-0.10076449066400528,0.7277586460113525,-49.78852081298828,0.0,0.0,0.0,1.0,0
0.7307526833023866,0.34179364960216185,0.3347105915543368,1.0501801338136902,0.7546141147613525,-0.006028457544744015,-0.6561412811279297,5.806276321411133,0.1456768810749054,0.9765419960021973,0.1585676223039627,-6.818655014038086,0.6397937536239624,-0.21524196863174438,0.737790584564209,-50.4192008972168,0.0,0.0,0.0,1.0,0
0.7295413260672117,0.3173372978869399,0.3367254269743604,1.1786908335585937,0.7579512000083923,0.00044015783350914717,-0.6523104906082153,5.712065696716309,0.1487697958946228,0.9735288023948669,0.17351968586444855,-6.741398334503174,0.6351196765899658,-0.2285636067390442,0.7378219366073608,-50.34165573120117,0.0,0.0,0.0,1.0,0
0.741440999705804,0.34931816437398194,0.3448106065916196,1.2840105394536125,0.7553312182426453,0.0012751822359859943,-0.6553425192832947,5.761882781982422,0.14114420115947723,0.9762134552001953,0.1645786613225937,-6.649430751800537,0.6399638056755066,-0.2168091982603073,0.7371845245361328,-50.19350051879883,0.0,0.0,0.0,1.0,0
0.662075051110581,0.1317501149267892,0.3608598207008965,2.2956703150510975,0.8046594262123108,0.07985576242208481,-0.5883402228355408,6.1006550788879395,0.10542956739664078,0.9559482336044312,0.27394500374794006,-6.226659774780273,0.5842992067337036,-0.28246113657951355,0.7607946395874023,-50.48161697387695,0.0,0.0,0.0,1.0,0
0.6283485232154025,-0.06916144200626959,0.400919833489996,-2.0466977233451047,0.8138172030448914,0.13822144269943237,-0.5644441843032837,6.357702732086182,0.05505690351128578,0.9485936760902405,0.3116733133792877,-5.71701192855835,0.5785075426101685,-0.2847215235233307,0.7643715739250183,-49.98787307739258,0.0,0.0,0.0,1.0,0
0.6999989598285797,-0.46024396091830005,0.3456311231294268,-1.8887902277472461,0.7935131788253784,0.1826300323009491,-0.5805028080940247,6.384819507598877,0.025705456733703613,0.9429959654808044,0.3318106532096863,-5.326972007751465,0.6080102920532227,-0.278218150138855,0.7435849905014038,-49.899208068847656,0.0,0.0,0.0,1.0,0
0.6985988241993567,-0.5077525626974405,0.37478875662401884,-1.734253707060847,0.7818619608879089,0.18683584034442902,-0.5947976112365723,6.324819087982178,0.024487659335136414,0.9441003799438477,0.3287467062473297,-5.265011310577393,0.6229706406593323,-0.2715997099876404,0.733581006526947,-49.67443084716797,0.0,0.0,0.0,1.0,0
0.6516668000485338,0.08762049545658708,0.38900219062755037,-0.42244219457524107,0.793750524520874,0.16626739501953125,-0.5850757360458374,6.217842102050781,0.02970469929277897,0.9501675367355347,0.3103187382221222,-5.735808372497559,0.6075164079666138,-0.2636953294277191,0.7492574453353882,-50.20293045043945,0.0,0.0,0.0,1.0,0
0.5805921188534411,0.44615203178323715,0.44872280308499557,-3.9236954967834166,0.7846688628196716,0.051305416971445084,-0.6177891492843628,5.84238862991333,0.11141765862703323,0.9686700701713562,0.22195912897586823,-6.668785095214844,0.6098211407661438,-0.24299679696559906,0.7543684244155884,-50.57821273803711,0.0,0.0,0.0,1.0,0
0.5558381918051206,0.44903313270026174,0.4938145231395989,1.0472669659360971,0.7755656242370605,-0.011586815118789673,-0.6311602592468262,5.287476539611816,0.16658976674079895,0.9681448340415955,0.18693116307258606,-7.0316925048828125,0.6088887453079224,-0.2501222789287567,0.7527899742126465,-50.28828811645508,0.0,0.0,0.0,1.0,0
0.6727303473584254,0.49723379169370086,0.4028624313227133,0.7936380294501496,0.7678817510604858,-0.03911111131310463,-0.6393960118293762,5.142913818359375,0.16926458477973938,0.9750472903251648,0.14363564550876617,-7.146527290344238,0.6178240180015564,-0.21852242946624756,0.7553415894508362,-50.20270919799805,0.0,0.0,0.0,1.0,0
0.675666541760052,0.47851531240649375,0.3884951404909328,0.766905193960352,0.7740897536277771,-0.05557674542069435,-0.6306331753730774,5.147289752960205,0.17670968174934387,0.9755159616470337,0.13093702495098114,-7.226044654846191,0.6079149842262268,-0.21279573440551758,0.7649570107460022,-50.235164642333984,0.0,0.0,0.0,1.0,0
0.6859809603349717,0.4453405148008885,0.3836738777213941,0.7926644370122631,0.7760545015335083,-0.05218596011400223,-0.6285035610198975,5.173957824707031,0.17555151879787445,0.9750590324401855,0.13580359518527985,-7.216299057006836,0.6057404279708862,-0.21572567522525787,0.7658599615097046,-50.207969665527344,0.0,0.0,0.0,1.0,0
0.6616613551574714,0.29326152410839235,0.36535348626774133,1.3971838730582666,0.7981461882591248,0.01579921692609787,-0.6022552847862244,5.566928386688232,0.13459272682666779,0.9697136878967285,0.20380960404872894,-6.592845916748047,0.5872359275817871,-0.24372921884059906,0.7718474268913269,-49.667991638183594,0.0,0.0,0.0,1.0,0
0.4910486747582376,-3.874092194786331,0.5481000143515492,-0.6966049267692767,0.8883015513420105,0.11714190244674683,-0.44406992197036743,6.920927047729492,0.00461716391146183,0.9645971059799194,0.26368850469589233,-6.0488080978393555,0.4592377245426178,-0.23628509044647217,0.8563116192817688,-49.50556182861328,0.0,0.0,0.0,1.0,0
0.4801625547222316,1.3212855302856539,0.570354965937612,-0.04880218087683397,0.9631349444389343,0.22206704318523407,-0.15184928476810455,9.213044166564941,-0.16421328485012054,0.9323927760124207,0.3219913840293884,-5.552148818969727,0.2130867838859558,-0.28518539667129517,0.9344861507415771,-48.4782600402832,0.0,0.0,0.0,1.0,0
0.4832647193360779,0.9755654260478889,0.604078539139594,0.18472831624695876,0.9590851068496704,0.2775866985321045,0.055693503469228745,11.109039306640625,-0.28090861439704895,0.908473551273346,0.30946069955825806,-5.693149089813232,0.03530610352754593,-0.3124440014362335,0.9492800831794739,-47.57732391357422,0.0,0.0,0.0,1.0,0
0.48710234262573787,1.0183149142494579,0.6073740059186361,0.15193420875503286,0.9583495855331421,0.2855966091156006,0.0004435329756233841,10.753498077392578,-0.27115052938461304,0.9093842506408691,0.3154315948486328,-5.783350467681885,0.08968288451433182,-0.30241408944129944,0.9489479660987854,-47.663818359375,0.0,0.0,0.0,1.0,0
0.5373732929174407,1.0443558435085971,0.5423568897583823,0.200384032070669,0.9551830291748047,0.2741207480430603,-0.11172296851873398,10.264772415161133,-0.22470606863498688,0.9171492457389832,0.3291555643081665,-6.085547924041748,0.19269511103630066,-0.2892991602420807,0.9376427531242371,-48.13125991821289,0.0,0.0,0.0,1.0,0
0.6900366110460391,11.606996650539635,0.4057747057956511,-1.5664040454206831,0.9788596034049988,0.08653141558170319,-0.18532508611679077,11.8436279296875,-0.02661723457276821,0.9522837400436401,0.30404916405677795,-6.141885280609131,0.20279204845428467,-0.2926888167858124,0.9344561100006104,-48.12614822387695,0.0,0.0,0.0,1.0,0
0.6620487801717575,-0.5681608798295618,0.43981975908214954,11.06700409737286,0.9487077593803406,0.01268670242279768,-0.3158995807170868,16.83719825744629,0.07938540726900101,0.9576228857040405,0.2768685519695282,-6.290993690490723,0.30602526664733887,-0.2877452075481415,0.9074971675872803,-47.16280746459961,0.0,0.0,0.0,1.0,0
0.6945691147919473,-0.20362626232237233,0.35256097938768555,2.1814513143280267,0.8316288590431213,0.01325181033462286,-0.5551738142967224,21.420146942138672,0.13780800998210907,0.9635197520256042,0.22943003475666046,-7.798786640167236,0.5379614233970642,-0.26730790734291077,0.7994648218154907,-46.843528747558594,0.0,0.0,0.0,1.0,0
0.6399294878382331,-1.3252691036981776,0.3671020290887059,-3.7141765380206344,0.6764317750930786,0.1318105012178421,-0.724614679813385,21.251493453979492,0.05594809353351593,0.9718161225318909,0.2290053367614746,-8.497152328491211,0.7343773245811462,-0.19544737040996552,0.649992823600769,-48.24497985839844,0.0,0.0,0.0,1.0,0
0.6782947856720859,-0.6283754225492145,0.338585794094174,-46.389624139756485,0.6582034826278687,0.12113028019666672,-0.7430311441421509,20.892898559570312,0.0794844776391983,0.9702733755111694,0.22858600318431854,-8.566389083862305,0.7486320734024048,-0.20951561629772186,0.6290093660354614,-49.0364875793457,0.0,0.0,0.0,1.0,0
0.6841520947299096,-0.5291067514834019,0.3434692489399097,15.071243746765568,0.6668848991394043,0.11412777006626129,-0.7363693118095398,21.08354377746582,0.0885118916630745,0.9690732955932617,0.23035386204719543,-8.669975280761719,0.7398853898048401,-0.21879705786705017,0.6361585855484009,-49.47599792480469,0.0,0.0,0.0,1.0,0
0.650264062818027,-0.6286637388999594,0.3454121393034826,8.491862735980657,0.6618579030036926,0.11536958068609238,-0.7406973838806152,20.673093795776367,0.0868937224149704,0.9696172475814819,0.22867079079151154,-8.616188049316406,0.7445752620697021,-0.21570980548858643,0.6317242383956909,-49.26877212524414,0.0,0.0,0.0,1.0,0
0.6732846797025837,-0.5316222522411888,0.32214600375602914,-0.9599079635599909,0.7103015780448914,0.2806224524974823,-0.6455410122871399,20.13930320739746,0.022420378401875496,0.9076101779937744,0.4192156195640564,-6.814741611480713,0.7035408616065979,-0.3122425973415375,0.6383846998214722,-49.6478157043457,0.0,0.0,0.0,1.0,0
0.7309060741560106,-0.7259873296520245,0.2920196582455507,-0.7518818965082884,0.7155773043632507,0.3475533723831177,-0.6059349775314331,19.382356643676758,-0.01216018944978714,0.8735044598579407,0.48666584491729736,-6.188450813293457,0.6984286308288574,-0.3408784866333008,0.6292858123779297,-49.462303161621094,0.0,0.0,0.0,1.0,0
0.6285659932079992,-0.410688103544163,0.3958493545906386,-0.4011375370846924,0.7037226557731628,0.397075891494751,-0.5891574025154114,19.451303482055664,-0.0303371399641037,0.8452814221382141,0.5334600210189819,-5.80094575881958,0.7098277807235718,-0.3575342297554016,0.6068897247314453,-50.267391204833984,0.0,0.0,0.0,1.0,0
0.5162343236602959,0.035845463202285405,0.5483635382185071,0.24017066454989705,0.8174241185188293,0.2799852788448334,-0.503413736820221,19.07892608642578,-0.025921544060111046,0.8909215927124023,0.45341601967811584,-6.082428455352783,0.5754520893096924,-0.35758405923843384,0.7355189919471741,-48.399295806884766,0.0,0.0,0.0,1.0,0
0.377516187003964,0.6441034756981803,0.7019941194209891,0.5080509779380358,0.7891225814819336,-0.15864776074886322,0.5933942794799805,14.428007125854492,0.13059552013874054,0.9873155355453491,0.09029322117567062,-6.581338405609131,-0.6001919507980347,0.0062421029433608055,0.7998316884040833,-43.33575439453125,0.0,0.0,0.0,1.0,0
0.2167266614864972,0.25282040613848394,1.2822980926044103,2.197991993801653,0.6404428482055664,-0.1307912915945053,0.7567869424819946,10.226763725280762,0.05637333542108536,0.9907398819923401,0.12351727485656738,-6.209437847137451,-0.7659340500831604,-0.036443088203668594,0.6418852806091309,-45.92940902709961,0.0,0.0,0.0,1.0,0
0.25094317286956164,0.2807068490793323,1.1999612261484889,2.4240135560397,0.6476640701293945,-0.1129048764705658,0.7535139918327332,12.393488883972168,0.023094650357961655,0.9914140105247498,0.12870070338249207,-6.457119464874268,-0.7615754008293152,-0.06595277786254883,0.6447111964225769,-46.78059768676758,0.0,0.0,0.0,1.0,0
0.2291252715946801,-0.007249709792583832,1.2201396014278076,1.8053939146679263,0.6530156135559082,-0.1396888941526413,0.7443506717681885,12.361200332641602,0.03910118341445923,0.987750768661499,0.15106336772441864,-6.321324825286865,-0.756334662437439,-0.06954178959131241,0.6504783034324646,-46.9578742980957,0.0,0.0,0.0,1.0,0
0.2656807211112206,0.21140698571466573,1.219250744305967,2.536896509290783,0.6434929966926575,-0.137038916349411,0.7530843019485474,12.340571403503418,0.04370363429188728,0.9888158440589905,0.14259131252765656,-6.200863361358643,-0.7642027139663696,-0.058843933045864105,0.6422854661941528,-46.39731979370117,0.0,0.0,0.0,1.0,0
0.23401799882375135,-0.6737943403746512,1.0978530782556462,1.6267202246154793,0.6935967803001404,-0.19193901121616364,0.6943219900131226,12.460810661315918,0.07701389491558075,0.9780832529067993,0.1934487521648407,-5.747824668884277,-0.7162348031997681,-0.08070293068885803,0.6931771636009216,-45.41941452026367,0.0,0.0,0.0,1.0,0
0.3099077514736697,-0.023702953615221626,0.7121311551348763,1.4763830346229854,0.7433606386184692,-0.4961036145687103,0.4486598074436188,12.03677749633789,0.19260966777801514,0.8011016845703125,0.5666897296905518,-4.176015853881836,-0.6405591368675232,-0.3348388075828552,0.6910619735717773,-45.53251647949219,0.0,0.0,0.0,1.0,0
0.3573159861764844,0.01796257215821844,0.6253648140966126,1.582058470164197,0.7392310500144958,-0.5000896453857422,0.45105257630348206,11.912954330444336,0.18835404515266418,0.7965617775917053,0.5744673609733582,-4.553920269012451,-0.6465764045715332,-0.3397063910961151,0.6830365657806396,-45.89913558959961,0.0,0.0,0.0,1.0,0
0.3772970307762784,-0.09131633802452192,0.6200906322400151,1.2933341772609726,0.7799121141433716,-0.47950947284698486,0.40225479006767273,11.30866527557373,0.19966164231300354,0.7997225522994995,0.5661981105804443,-4.861621856689453,-0.593189001083374,-0.3612697124481201,0.7194523811340332,-45.27156066894531,0.0,0.0,0.0,1.0,0
0.4377858179213576,-0.12067726823939667,0.5846813537919952,2.720417375111327,0.8647209405899048,-0.4134116768836975,0.28521695733070374,10.014472007751465,0.16625621914863586,0.7714692950248718,0.6141614317893982,-4.246524810791016,-0.4739374816417694,-0.4836589992046356,0.7358381152153015,-45.17603302001953,0.0,0.0,0.0,1.0,0
0.4981439792185665,-0.10335792388865014,0.5839966449087566,2.6512317052082186,0.9238063097000122,-0.3219682276248932,0.2071683704853058,9.17110824584961,0.1661018282175064,0.824574887752533,0.5408207178115845,-3.755903482437134,-0.344952791929245,-0.4652024805545807,0.8152269124984741,-43.35110855102539,0.0,0.0,0.0,1.0,0
0.6734976423869331,-0.35764284767333954,0.4441789748045178,-21.77587029089175,0.9982656240463257,-0.058596476912498474,0.005715338047593832,10.161514282226562,0.048712264746427536,0.8765758275985718,0.47879278659820557,-4.200112342834473,-0.03306546062231064,-0.47768378257751465,0.8779098391532898,-43.32560348510742,0.0,0.0,0.0,1.0,0
0.640005862551835,-0.9370522776599882,0.4299525045692903,-2.0767790627376796,0.9925349950790405,0.07119841873645782,-0.0990145206451416,10.998106956481934,-0.010475062765181065,0.8586612939834595,0.5124353766441345,-4.232841968536377,0.12150458246469498,-0.507573127746582,0.8529977798461914,-44.31207275390625,0.0,0.0,0.0,1.0,0
0.7000851086215222,-3.2829814001677438,0.33230784630519683,-0.6696938790814873,0.9338851571083069,0.23900353908538818,-0.26596131920814514,12.170613288879395,-0.06244292110204697,0.841374397277832,0.536832869052887,-4.634779930114746,0.35207808017730713,-0.484732985496521,0.8006713390350342,-45.93144607543945,0.0,0.0,0.0,1.0,0
0.5571122454997608,34.88696939782823,0.38566705739273627,-0.12320024334737838,0.799777090549469,0.37562957406044006,-0.4682505130767822,12.47941780090332,-0.10589930415153503,0.8560835719108582,0.5058711171150208,-4.96483039855957,0.5908820033073425,-0.35499677062034607,0.724454939365387,-47.314971923828125,0.0,0.0,0.0,1.0,0
0.7123507800018035,9.306788915215824,0.3053841269444071,-0.3559456498469985,0.7423163056373596,0.35840916633605957,-0.566135585308075,11.846817016601562,-0.08748515695333481,0.8895255923271179,0.4484308660030365,-5.198818206787109,0.6643142104148865,-0.2833491265773773,0.6916648149490356,-47.32250213623047,0.0,0.0,0.0,1.0,0
0.6965088189375079,-14.273303406390282,0.396323136945913,-0.17009373169302872,0.7161934971809387,0.23871223628520966,-0.6558084487915039,10.410544395446777,-0.0572650246322155,0.9566170573234558,0.2856678366661072,-5.985987663269043,0.695549488067627,-0.16703830659389496,0.6987921595573425,-46.97359848022461,0.0,0.0,0.0,1.0,0
0.5718812449348387,27.12529550827423,0.45763546337526523,0.04565650203030269,0.7420672178268433,0.1364293247461319,-0.6562950611114502,9.529231071472168,-0.014323378913104534,0.9820728302001953,0.18795625865459442,-7.282890319824219,0.6701723337173462,-0.13007597625255585,0.7307182550430298,-47.145816802978516,0.0,0.0,0.0,1.0,0
0.620018434145563,-0.49151046482306465,0.43569381552569303,0.23655015322091671,0.7678204774856567,0.048015765845775604,-0.6388641595840454,9.240277290344238,0.028265012428164482,0.9936784505844116,0.10865326225757599,-7.952441215515137,0.6400423049926758,-0.10148349404335022,0.7616087794303894,-47.47470474243164,0.0,0.0,0.0,1.0,0
0.5684940625738152,0.32310611141986545,0.4494907361380668,-0.07344023134859831,0.8218082189559937,-0.11712320148944855,-0.5575962662696838,8.470417022705078,0.10799096524715424,0.9929237961769104,-0.04940194636583328,-9.251885414123535,0.5594364404678345,-0.01961660198867321,0.8286411762237549,-46.694862365722656,0.0,0.0,0.0,1.0,0
0.5474223087461244,0.7835240995484616,0.4546662009245357,-0.7748389937799306,0.8421949744224548,-0.1685985028743744,-0.5121361613273621,8.265477180480957,0.09367787837982178,0.9811624884605408,-0.16895371675491333,-9.817639350891113,0.5309738516807556,0.09431610256433487,0.8421236872673035,-45.96602249145508,0.0,0.0,0.0,1.0,0
0.48850346914810466,0.36195185982264144,0.4829984020144303,2.487983629181935,0.8736607432365417,-0.12806300818920135,-0.4693792760372162,8.367889404296875,0.02972956746816635,0.9769864082336426,-0.21121948957443237,-10.023571014404297,0.48562657833099365,0.17057989537715912,0.8573617935180664,-45.206058502197266,0.0,0.0,0.0,1.0,0
0.5659506732852733,0.4264357618392282,0.47884847018546123,0.7619114310523515,0.9325454831123352,-0.046106740832328796,-0.35809552669525146,9.118529319763184,-0.048538193106651306,0.9667993783950806,-0.2508832514286041,-10.234637260437012,0.3577740490436554,0.2513416111469269,0.8993464708328247,-44.29812240600586,0.0,0.0,0.0,1.0,0
0.5130662870927072,0.2798272169241262,0.48914244444564214,0.9282496871958849,0.9949578046798706,0.045184630900621414,-0.0895378366112709,11.069944381713867,-0.0698929876089096,0.9526553153991699,-0.29590994119644165,-9.636855125427246,0.07192809879779816,0.30067622661590576,0.9510098099708557,-42.45606994628906,0.0,0.0,0.0,1.0,0
0.47637550273094764,-1.6415677715636794,0.5251413430543601,0.26784738544801684,0.9787989854812622,-0.00337457493878901,0.20479492843151093,11.987799644470215,0.0500926747918129,0.9734444618225098,-0.22337427735328674,-9.482720375061035,-0.19860300421714783,0.22889740765094757,0.9529755711555481,-41.48940658569336,0.0,0.0,0.0,1.0,0
0.4622425629290618,1.5343832993638442,0.5618263367266771,0.4134497248231407,0.9306898713111877,-0.03738458827137947,0.3638935089111328,12.57363510131836,0.1139785423874855,0.9748800992965698,-0.19135576486587524,-9.082785606384277,-0.3475990295410156,0.21956908702850342,0.9115721583366394,-40.860347747802734,0.0,0.0,0.0,1.0,0
0.4025792631648878,0.6549398760220484,0.6087109780344256,0.62961481083491,0.8404034376144409,-0.08319586515426636,0.5355364680290222,13.341715812683105,0.16328123211860657,0.9811013340950012,-0.10381828248500824,-8.842138290405273,-0.5167785286903381,0.17469248175621033,0.8381057381629944,-40.91667938232422,0.0,0.0,0.0,1.0,0
0.41637818782354624,0.6890342675882473,0.6147928374744368,0.5365750893437297,0.83012455701828,-0.11248867213726044,0.5461131930351257,12.95806884765625,0.17173156142234802,0.9834064841270447,-0.05847984552383423,-8.165548324584961,-0.5304729342460632,0.14233045279979706,0.8356674909591675,-40.31885528564453,0.0,0.0,0.0,1.0,0
0.5045784888305691,0.7678723170280619,0.4701608453677494,0.4002123673955944,0.8580774068832397,-0.15187452733516693,0.4905472993850708,12.468511581420898,0.18398341536521912,0.9827720522880554,-0.017559781670570374,-7.859353542327881,-0.47942957282066345,0.10532038658857346,0.8712370991706848,-41.03588104248047,0.0,0.0,0.0,1.0,0
0.6111751806571831,0.22701118616203853,0.4480670291965591,0.6631236625746143,0.9257602691650391,-0.16710950434207916,0.339179128408432,11.458398818969727,0.1570335179567337,0.985938549041748,0.05715060606598854,-7.259496212005615,-0.3439600169658661,0.0003547147789504379,0.9389845132827759,-42.073604583740234,0.0,0.0,0.0,1.0,0
0.5029642178106384,-0.8167868602471646,0.5738483292401578,1.1301679460702179,0.9517499804496765,-0.11283206194639206,0.2853798568248749,11.54650592803955,0.06811818480491638,0.9844304919242859,0.162043035030365,-6.715278625488281,-0.2992199659347534,-0.13478490710258484,0.9446172118186951,-43.14495849609375,0.0,0.0,0.0,1.0,0
0.473968013320857,-5.2561553653719555,0.5610272002569643,13.354655563966691,0.9521982073783875,-0.054296739399433136,0.30061614513397217,12.612679481506348,-0.027650734409689903,0.9647179841995239,0.2618289589881897,-6.146140098571777,-0.3042263090610504,-0.25762537121772766,0.9171014428138733,-43.68476867675781,0.0,0.0,0.0,1.0,0
0.6761747046760165,7.567671630948056,0.41608704348173925,-0.6006691217175729,0.9954804182052612,0.03653579205274582,0.08765814453363419,12.428754806518555,-0.06710070371627808,0.9237833619117737,0.3769902288913727,-5.822791576385498,-0.06720353662967682,-0.3811682164669037,0.9220595955848694,-45.18331527709961,0.0,0.0,0.0,1.0,0
0.7287903859441641,12.5844,0.34493355444265866,-0.49770313942751615,0.9587751030921936,0.14232812821865082,-0.24595443904399872,11.467155456542969,-0.04180275648832321,0.9267539381980896,0.37333622574806213,-6.030567646026611,0.2810754179954529,-0.3476637899875641,0.8944984078407288,-47.19064712524414,0.0,0.0,0.0,1.0,0
0.6307057879125446,-2.436646040117945,0.39626143564874416,-0.3196839707236683,0.85383141040802,0.1941687911748886,-0.48298272490501404,10.721211433410645,-0.019132940098643303,0.9389088749885559,0.34363633394241333,-5.992955684661865,0.5201998353004456,-0.2841663360595703,0.8053839802742004,-47.61384963989258,0.0,0.0,0.0,1.0,0
0.5194156713644038,-0.870782185850679,0.471188776843923,-1.2224592374647543,0.7946189641952515,0.08954890072345734,-0.6004672050476074,9.254714012145996,0.03492511063814163,0.9806811213493347,0.19246870279312134,-7.292821407318115,0.6061028242111206,-0.17391058802604675,0.7761397957801819,-47.92592239379883,0.0,0.0,0.0,1.0,0
0.26144586925534047,-6.055981061133547,0.7605207751730324,1.160142088109276,0.9922236204147339,-0.08203665167093277,0.09360722452402115,10.988446235656738,0.07816954702138901,0.9959573149681091,0.04426422715187073,-7.6831841468811035,-0.09685996174812317,-0.036602843552827835,0.9946248531341553,-44.982154846191406,0.0,0.0,0.0,1.0,0
0.2665973123755156,-3.1426831452624038,0.7920563766509947,1.2169716981765224,0.9942334890365601,-0.09806285798549652,0.04339990019798279,10.687408447265625,0.09655022621154785,0.9946883916854858,0.03567862510681152,-7.677093982696533,-0.04666808247566223,-0.0312827005982399,0.9984205961227417,-45.27756118774414,0.0,0.0,0.0,1.0,0
0.5195266272189349,-1.8225710352762312,0.55640209053038,1.3443863707765686,0.9934608936309814,-0.11088772118091583,0.027201954275369644,10.6108980178833,0.11011157929897308,0.9935093522071838,0.028539065271615982,-7.5895185470581055,-0.030190113931894302,-0.025357242673635483,0.9992225766181946,-45.151424407958984,0.0,0.0,0.0,1.0,0
0.6163277725005937,-1.3689291930017404,0.41341403806047966,1.2461297011703216,0.9930129647254944,-0.11568783968687057,0.02323872037231922,10.592297554016113,0.11498215049505234,0.9929227232933044,0.029701046645641327,-7.6008100509643555,-0.026510313153266907,-0.02682148478925228,0.9992881417274475,-45.1268310546875,0.0,0.0,0.0,1.0,0
0.7515442358257017,-1.467276595744681,0.26059398040477016,1.1064947409232462,0.9926713705062866,-0.12058235704898834,0.008019717410206795,10.505653381347656,0.12033477425575256,0.9923845529556274,0.026320805773139,-7.633162498474121,-0.011132526211440563,-0.025162851437926292,0.9996217489242554,-45.30124282836914,0.0,0.0,0.0,1.0,0
0.777325506254634,-1.037950239288013,0.20841023440622575,0.8694251095643207,0.99336177110672,-0.11298049241304398,-0.021655388176441193,10.458183288574219,0.11362230032682419,0.9930371046066284,0.031129151582717896,-7.751589775085449,0.01798766665160656,-0.033382970839738846,0.9992814064025879,-45.58990478515625,0.0,0.0,0.0,1.0,0
0.7384288314077172,0.004883923195290025,0.23069904568865854,0.6662123945896835,0.9922370314598083,-0.11182153970003128,-0.054422955960035324,10.439703941345215,0.11397091299295425,0.9927522540092468,0.03812943771481514,-7.964865684509277,0.049764785915613174,-0.044036053121089935,0.9977896809577942,-45.95041275024414,0.0,0.0,0.0,1.0,0
0.6925220351629903,0.4025843457647208,0.3215238538881293,0.380980221836162,0.990771472454071,-0.11241473257541656,-0.07573003321886063,10.299173355102539,0.1152767539024353,0.9927330613136292,0.03453240171074867,-8.133713722229004,0.07129773497581482,-0.04294373840093613,0.9965302348136902,-45.911231994628906,0.0,0.0,0.0,1.0,0
0.521752165564202,0.3958764817917842,0.45153790605240446,0.13789162671423794,0.9916115403175354,-0.1029360443353653,-0.07817276567220688,10.291357040405273,0.10553908348083496,0.9939650297164917,0.029919777065515518,-8.274860382080078,0.07462117820978165,-0.03791915252804756,0.9964910745620728,-45.85304260253906,0.0,0.0,0.0,1.0,0
0.4794405301791329,0.4431044776119403,0.4842788376351072,0.37272473407631185,0.993364691734314,-0.09352554380893707,-0.06692811846733093,10.37741756439209,0.09527856111526489,0.9951733350753784,0.023492299020290375,-8.33885383605957,0.06440792232751846,-0.029713423922657967,0.9974812269210815,-45.80841827392578,0.0,0.0,0.0,1.0,0
0.4470723498797184,0.42443998492365054,0.5700378615965227,0.6248062976507779,0.9958550930023193,-0.0832885280251503,-0.036538850516080856,10.594359397888184,0.08422980457544327,0.9961315393447876,0.025024939328432083,-8.395423889160156,0.03431323915719986,-0.02799903228878975,0.9990186095237732,-45.84956741333008,0.0,0.0,0.0,1.0,0
0.4188715625360418,0.3261048082117774,0.6239143095102416,0.9648220194160637,0.9968693256378174,-0.0773109495639801,0.01653020642697811,10.760056495666504,0.07685555517673492,0.9966863393783569,0.02660842053592205,-8.359193801879883,-0.018532563000917435,-0.02525472268462181,0.9995087385177612,-45.66932678222656,0.0,0.0,0.0,1.0,0
0.2977023374731463,-4.138103756708408,0.7540296572804915,1.1322793999032101,0.996711254119873,-0.0765111967921257,0.02668936364352703,10.749743461608887,0.0760091170668602,0.9969192743301392,0.01934495009481907,-8.126564025878906,-0.028087226673960686,-0.017252711579203606,0.9994564056396484,-45.44514465332031,0.0,0.0,0.0,1.0,0
0.36455709729270036,-6.292189792923528,0.6865461774748859,1.170429794662898,0.996421754360199,-0.07975838333368301,0.02796604484319687,10.72352409362793,0.07927272468805313,0.9966891407966614,0.018066858872771263,-8.06113052368164,-0.029314449056982994,-0.015785152092576027,0.9994453191757202,-45.37065887451172,0.0,0.0,0.0,1.0,0
0.3313100635233147,-2.8428133796986255,0.7286562290846995,1.1425310362510028,0.9959725141525269,-0.08134470134973526,0.03770875185728073,10.767337799072266,0.08042208105325699,0.9964379668235779,0.025378284975886345,-7.983960151672363,-0.03963874652981758,-0.022243382409214973,0.9989664554595947,-45.32770538330078,0.0,0.0,0.0,1.0,0
0.3874474972091917,-0.2792309943659911,0.6824123229400065,1.115501381341267,0.9961841702461243,-0.07499232888221741,0.04465584456920624,10.884321212768555,0.07335825264453888,0.996613085269928,0.03717103227972984,-8.159116744995117,-0.04729217290878296,-0.03375320881605148,0.9983108639717102,-45.565528869628906,0.0,0.0,0.0,1.0,0
0.4301444897087319,-0.19029475944719615,0.6396072488069134,1.0738600425507447,0.9961069226264954,-0.0756811872124672,0.04519570246338844,10.912572860717773,0.07411176711320877,0.9966191053390503,0.03544822707772255,-8.22985553741455,-0.047725725919008255,-0.03196064382791519,0.9983485341072083,-45.644981384277344,0.0,0.0,0.0,1.0,0
0.4835414126544441,0.5311637623000385,0.5077835200623687,0.6096800997091816,0.9957069754600525,-0.08039971441030502,0.04586656764149666,10.848576545715332,0.07906980067491531,0.9964145421981812,0.030109098181128502,-8.230551719665527,-0.04812286049127579,-0.026353172957897186,0.9984939694404602,-45.461708068847656,0.0,0.0,0.0,1.0,0
0.4880956788472904,0.5804726356509278,0.5042530038885041,0.5606759741284114,0.9954543113708496,-0.08718743175268173,0.03833835572004318,10.729301452636719,0.0864567831158638,0.996048629283905,0.020323090255260468,-8.211343765258789,-0.039958786219358444,-0.016916118562221527,0.9990583062171936,-45.260337829589844,0.0,0.0,0.0,1.0,0
