0,1,2,3,4,5,6,7,8,9,10,11,12,13,14,15,16,17,18,19,20,21,label
0.3444783479493173,0.9894304469666918,0.6715699463232062,6.428500207727462,0.46536104798773786,0.4656678107386091,0.9984956979751587,0.04653733968734741,-0.028996005654335022,5.1236467361450195,-0.04799887537956238,0.9974966049194336,-0.0519278421998024,-2.7001771926879883,0.026506848633289337,0.053241387009620667,0.9982299208641052,-41.69099807739258,0.0,0.0,0.0,1.0,0
0.5497427134966161,1.1444596831729803,0.46552004351884807,6.525968455091401,0.45154804499085194,0.45692332229959765,0.9985719323158264,0.04259486496448517,-0.032271552830934525,5.1103010177612305,-0.044383302330970764,0.9973940849304199,-0.0568973608314991,-2.71570086479187,0.029763948172330856,0.058248478919267654,0.9978590607643127,-41.6784782409668,0.0,0.0,0.0,1.0,0
0.7154627002909999,1.3446213935497517,0.2925859234322399,5.297060486150367,0.47656579738977994,0.47949346919780184,0.9968283176422119,0.031318385154008865,-0.0731544941663742,4.820281505584717,-0.03537162020802498,0.9978709816932678,-0.05478530749678612,-2.7342844009399414,0.07128297537565231,0.05719912424683571,0.9958144426345825,-41.787811279296875,0.0,0.0,0.0,1.0,0
0.6871941337021766,1.164524653852235,0.33579346988740094,3.259038111676074,0.4129600722108641,0.41876903376029906,0.9951191544532776,0.021573077887296677,-0.0963035300374031,4.6594157218933105,-0.025278758257627487,0.9989804029464722,-0.03742551803588867,-2.9952120780944824,0.09539785981178284,0.0396772064268589,0.9946489930152893,-42.18803024291992,0.0,0.0,0.0,1.0,0
0.6128600096802334,1.2086319540685013,0.41456408075949536,-0.8821276288212763,0.3361453610517319,0.27380015635546,0.9930562376976013,0.011025218293070793,-0.11712195724248886,4.522939682006836,-0.016330774873495102,0.9988785982131958,-0.044436633586883545,-3.173205852508545,0.11650067567825317,0.046040747314691544,0.9921228289604187,-42.4343147277832,0.0,0.0,0.0,1.0,0
0.4865481438151545,0.8284526129060401,0.5265205886473641,0.43386627906976744,0.2905885266054903,0.19756897971878096,0.9961015582084656,0.02781766466796398,-0.08371306210756302,4.894893169403076,-0.03191668912768364,0.9983357787132263,-0.04803196340799332,-3.3127100467681885,0.0822376236319542,0.05051659047603607,0.9953314661979675,-42.42249298095703,0.0,0.0,0.0,1.0,0
0.28150892116318116,0.870382816857098,0.7434274404601917,1.8988807182304126,0.43922616124934327,0.4278917634510099,0.9970754384994507,0.035040196031332016,-0.0679129883646965,5.018181800842285,-0.03896602615714073,0.997592031955719,-0.057371724396944046,-3.1617207527160645,0.06573913246393204,0.05985027551651001,0.9960399866104126,-41.98067092895508,0.0,0.0,0.0,1.0,0
0.2687823296639311,1.0602677025555143,0.7612690846390585,2.1177097793067374,0.4818089515545405,0.47142005515264934,0.9978542923927307,0.033454667776823044,-0.05627161264419556,5.086996555328369,-0.03730688616633415,0.9969279766082764,-0.06885632127523422,-2.903371572494507,0.05379515141248703,0.07080783694982529,0.9960376620292664,-41.63808059692383,0.0,0.0,0.0,1.0,0
0.6190770045722446,1.3437375593044534,0.37991373455535826,4.388099438652767,0.46330634980183716,0.45855868403863587,0.9976150393486023,0.031480249017477036,-0.06142658740282059,5.181791305541992,-0.03569137677550316,0.9969981908798218,-0.06870725005865097,-2.820009708404541,0.05907926335930824,0.07073583453893661,0.9957439303398132,-41.53602981567383,0.0,0.0,0.0,1.0,0
0.6933270301812648,1.3811814736487855,0.276870526913874,3.2541843910989505,0.4897907647385792,0.49107946131010977,0.9968932271003723,0.027103258296847343,-0.07394413650035858,5.053818225860596,-0.03228522464632988,0.9970369935035706,-0.06980954110622406,-2.805729866027832,0.07183307409286499,0.07197991758584976,0.994815468788147,-41.47136688232422,0.0,0.0,0.0,1.0,0
0.7843862604276604,1.0788478482927475,0.18366038994969813,2.3478833028505153,0.4679508629053856,0.48771901819551833,0.9944584369659424,0.021957015618681908,-0.10281292349100113,4.846686840057373,-0.02832544595003128,0.9977422952651978,-0.060898154973983765,-3.0140116214752197,0.10124363750219345,0.06347288191318512,0.9928351044654846,-41.71591567993164,0.0,0.0,0.0,1.0,0
0.7432161821991824,1.3061137918235326,0.25782673763627073,-0.1923599367948327,0.3274655914703263,0.24230062568366428,0.9943891763687134,0.014887310564517975,-0.10474057495594025,4.77751350402832,-0.021474728360772133,0.9978427886962891,-0.0620480477809906,-3.2021520137786865,0.10359080135822296,0.06394919753074646,0.992562472820282,-42.023311614990234,0.0,0.0,0.0,1.0,0
0.46816150369702003,0.08628323937186963,0.4895066925416839,1.0541624249475412,0.15727375932165816,0.10555624340109702,0.9953581094741821,0.02539408765733242,-0.09283779561519623,5.020890235900879,-0.03229529410600662,0.9967648386955261,-0.0736047700047493,-3.4316883087158203,0.09066826850175858,0.07626103609800339,0.9929576516151428,-42.42449188232422,0.0,0.0,0.0,1.0,0
0.4560795974146082,-0.16440339899997267,0.5257490447914671,1.016784750337382,0.10749891813150446,0.0980427664976377,0.9955331087112427,0.029986882582306862,-0.08952696621417999,5.044713973999023,-0.037006594240665436,0.9962814450263977,-0.07780756801366806,-3.37858510017395,0.08686085045337677,0.08077302575111389,0.9929406046867371,-42.43074417114258,0.0,0.0,0.0,1.0,0
0.26157886261442603,1.1603201898311193,0.7694135203306789,2.5561474125671864,0.4252390278898851,0.40888466986689215,0.9955812096595764,0.032877229154109955,-0.087959423661232,5.1553730964660645,-0.03982343524694443,0.9961245656013489,-0.0784168541431427,-2.9713850021362305,0.08504042029380798,0.08157317340373993,0.9930323958396912,-42.01605224609375,0.0,0.0,0.0,1.0,0
0.6770896896808051,1.4654252817338627,0.34719765284549337,3.5569103478308204,0.45040602527873347,0.4529884176614908,0.9958897829055786,0.021506818011403084,-0.08798281103372574,5.07976770401001,-0.027305487543344498,0.9974958896636963,-0.06524450331926346,-2.7727408409118652,0.08635929971933365,0.06737867742776871,0.9939833283424377,-41.790103912353516,0.0,0.0,0.0,1.0,0
0.6748923759619879,1.4881691439923375,0.47786968009689057,0.5713014868891116,0.23579492208063843,0.12442115356105231,0.9911750555038452,0.017416710034012794,-0.13140864670276642,4.780996322631836,-0.024816177785396576,0.9981841444969177,-0.054883189499378204,-3.0496907234191895,0.1302141696214676,0.05765988305211067,0.9898076057434082,-42.514854431152344,0.0,0.0,0.0,1.0,0
0.4442039077345735,-0.7036068172810147,0.5217782389720615,0.939556600719118,0.07682155667633672,0.0808767881413929,0.9943399429321289,0.03078645095229149,-0.10168632864952087,4.873408317565918,-0.038131233304739,0.996740460395813,-0.07109447568655014,-3.321622610092163,0.0991661325097084,0.0745694562792778,0.9922729134559631,-42.65255355834961,0.0,0.0,0.0,1.0,0
0.33622314941431536,1.4120519948906756,0.6721768123317007,4.013962188522948,0.408873142948647,0.4084538163649487,0.996947169303894,0.030937710776925087,-0.07167994976043701,5.098268985748291,-0.037632618099451065,0.9948585629463196,-0.09401782602071762,-2.8514912128448486,0.06840278953313828,0.09642855823040009,0.9929860830307007,-41.73496627807617,0.0,0.0,0.0,1.0,0
0.7187271925142428,1.451025498105828,0.3183305610667812,4.294392523364486,0.42359852610060605,0.448430224255163,0.9972390532493591,0.021644407883286476,-0.0710306391119957,5.0796122550964355,-0.0272592231631279,0.9964969754219055,-0.07905469089746475,-2.8545644283294678,0.0690707415342331,0.08077263087034225,0.9943360686302185,-41.86429214477539,0.0,0.0,0.0,1.0,0
0.6901687707132047,1.8053270062378017,0.2908962570161397,0.02082940819359836,0.20839074374959693,0.17691024944052636,0.9966260194778442,0.010380242951214314,-0.08142607659101486,4.961458206176758,-0.016559429466724396,0.9970027804374695,-0.07558333873748779,-3.0830273628234863,0.08039741218090057,0.07667668163776398,0.9938099384307861,-42.30874252319336,0.0,0.0,0.0,1.0,0
0.33340682094263924,2.549137606791682,0.7277662187848024,3.127945644141555,0.37531818498024044,0.41759691693624273,0.9598793983459473,-0.02629851922392845,0.2791779935359955,-5.149227619171143,-0.004158944357186556,0.994148313999176,0.10794785618782043,-3.0231661796569824,-0.2803829610347748,-0.10477802157402039,0.9541529417037964,-39.24872970581055,0.0,0.0,0.0,1.0,0
0.47157205061727836,3.94589015849613,0.6110506983795726,8.244876667411878,0.4030409958731319,0.4482538296411857,0.9598680138587952,-0.03152431175112724,0.27867427468299866,-5.241426944732666,-0.0005889461026526988,0.9934338331222534,0.11440800130367279,-2.849958896636963,-0.2804509997367859,-0.10998073220252991,0.9535470604896545,-39.242733001708984,0.0,0.0,0.0,1.0,0
0.5661450326603562,4.59666807254323,0.5010651942349079,9.749505625639276,0.4297367535633759,0.47877375816604023,0.961738646030426,-0.03616896644234657,0.2715723514556885,-5.415860652923584,0.004349184222519398,0.9931381344795227,0.11686787754297256,-2.8016157150268555,-0.27393585443496704,-0.11121514439582825,0.9552963972091675,-39.24007797241211,0.0,0.0,0.0,1.0,0
0.7201064672305879,4.762890346823437,0.3271544492125571,5.68201096306966,0.428847541027621,0.4948396116318684,0.962953507900238,-0.04580662027001381,0.26574966311454773,-5.644085884094238,0.013365257531404495,0.9923637509346008,0.12262175232172012,-2.813325881958008,-0.26933714747428894,-0.11452722549438477,0.9562121629714966,-39.28160095214844,0.0,0.0,0.0,1.0,0
0.7788501792922222,8.663556228909854,0.2483220052615743,2.847640077284019,0.45981446315289787,0.5257438829776845,0.9674637913703918,-0.062157176434993744,0.24525529146194458,-6.033310890197754,0.028137778863310814,0.9897725582122803,0.13985097408294678,-2.819230318069458,-0.25143977999687195,-0.1283997744321823,0.9593178033828735,-39.5569953918457,0.0,0.0,0.0,1.0,0
0.6600948869661172,0.2947209936953044,0.44690320680055096,0.10251555591943672,0.18892805295427822,0.12754647058670396,0.982373833656311,-0.0666995570063591,0.17461907863616943,-6.531780242919922,0.03930279612541199,0.9869911670684814,0.15589278936386108,-2.9989237785339355,-0.18274559080600739,-0.14628207683563232,0.9722163081169128,-39.52267837524414,0.0,0.0,0.0,1.0,0
0.2790008570482479,-1.6984133486263586,0.7656750298147528,1.5906434535495748,0.3517472460196138,0.37206141051315555,0.9906685948371887,-0.05520453304052353,0.12460891157388687,-6.692133903503418,0.043363068252801895,0.9944535493850708,0.09581892937421799,-2.9212236404418945,-0.12920744717121124,-0.08952134847640991,0.9875683188438416,-39.48431396484375,0.0,0.0,0.0,1.0,0
0.3241732042919996,-0.0053897725778887864,0.7080747904542801,13.308582089552239,0.2487433955786629,0.2700132396771641,0.9893169403076172,-0.05021677166223526,0.136860653758049,-6.609354019165039,0.03566401079297066,0.9936426281929016,0.10678401589393616,-3.117014169692993,-0.14135289192199707,-0.10076223313808441,0.9848180413246155,-39.6155891418457,0.0,0.0,0.0,1.0,0
0.41167800911514646,0.49838268225926846,0.5869606238948563,0.43863711544823025,0.14794895589640547,0.17005183170172525,0.9891195297241211,-0.042555660009384155,0.1408286988735199,-6.525940895080566,0.028827812522649765,0.994757354259491,0.09812217950820923,-3.2700066566467285,-0.14426596462726593,-0.09299463778734207,0.9851599931716919,-39.59056854248047,0.0,0.0,0.0,1.0,0
0.4473833313998551,0.9532614278376991,0.5142807204055554,1.053839864142399,0.09654352285481561,0.14109917196479183,0.986057698726654,-0.026488332077860832,0.1642819046974182,-6.368443012237549,0.016328072175383568,0.9978868365287781,0.06289125978946686,-3.4835875034332275,-0.16560064256191254,-0.059331972151994705,0.9844065308570862,-39.48759841918945,0.0,0.0,0.0,1.0,0
0.48645370638941143,1.0368433904537555,0.5012748967657882,0.8986567826142051,0.07237249118341291,0.11275882132545482,0.9832148551940918,-0.022024836391210556,0.1811145842075348,-6.242193698883057,0.013463915325701237,0.9987384676933289,0.0483623705804348,-3.6741700172424316,-0.18195141851902008,-0.04511218145489693,0.9822713732719421,-39.62434387207031,0.0,0.0,0.0,1.0,0
0.5259376849221443,0.9896548416711198,0.47929244717218766,0.9543957108713907,0.0560569635773867,0.07831863170279162,0.9854167103767395,-0.024073803797364235,0.1684454083442688,-6.270416259765625,0.018632544204592705,0.999254047870636,0.03380953148007393,-3.6062774658203125,-0.1691337674856186,-0.03017801232635975,0.985130786895752,-39.34493637084961,0.0,0.0,0.0,1.0,0
0.7735698140654707,2.9413603949533735,0.24832370985785626,1.3835015952495007,0.4370439110303103,0.4703872761188739,0.9877181053161621,-0.04058259353041649,0.15088357031345367,-6.510097980499268,0.037089210003614426,0.9989762902259827,0.025896422564983368,-3.4009592533111572,-0.15178005397319794,-0.019982343539595604,0.9882123470306396,-39.294532775878906,0.0,0.0,0.0,1.0,0
0.45794389108749917,7.311854268624252,0.6104631220110427,1.6425307151309902,0.4125462865961292,0.44632914443997956,0.9898156523704529,-0.040074221789836884,0.13659733533859253,-6.503657341003418,0.03761207312345505,0.9990807771682739,0.020559772849082947,-3.151963710784912,-0.1372956931591034,-0.015212765894830227,0.9904133081436157,-39.11548614501953,0.0,0.0,0.0,1.0,0
0.23706986524000012,6.264588859416445,0.7890072646762414,1.4878536168596925,0.4118230510779936,0.43761808652839645,0.9891008138656616,-0.03267769515514374,0.14356835186481476,-6.512460231781006,0.029293805360794067,0.99924236536026,0.02562256157398224,-3.1427628993988037,-0.14429685473442078,-0.021137598901987076,0.9893085956573486,-39.326698303222656,0.0,0.0,0.0,1.0,0
0.3818560253872583,0.17879522943197898,0.6512151656459975,-2.6342948253370055,0.17200837282473383,0.2248312424515363,0.9881203174591064,-0.011360363103449345,0.15326498448848724,-6.432118892669678,0.0058694640174508095,0.9993263483047485,0.03623192384839058,-3.5778958797454834,-0.15357327461242676,-0.034901801496744156,0.9875209331512451,-39.575042724609375,0.0,0.0,0.0,1.0,0
0.4654107572919454,1.081306039029536,0.542603704198509,0.7356944325052294,0.05938842084164213,0.1295591118554201,0.9869017601013184,-0.008866243995726109,0.16107472777366638,-6.402537822723389,0.0034746427554637194,0.9994245171546936,0.033723555505275726,-3.643876791000366,-0.16128110885620117,-0.032722108066082,0.9863652586936951,-39.52713394165039,0.0,0.0,0.0,1.0,0
0.48043643242886525,1.4700673724735323,0.5111548261919449,0.8564564304575559,0.06466454542797694,0.11624424245582138,0.9848636388778687,0.001535958843305707,0.17332220077514648,-6.259725570678711,-0.006650042254477739,0.9995589256286621,0.02892940677702427,-3.782728433609009,-0.17320141196250916,-0.029644107446074486,0.9844396114349365,-39.5752067565918,0.0,0.0,0.0,1.0,0
0.7614959567873864,2.5607039282889534,0.2628252232993685,1.5754392398373545,0.4256166351793446,0.4640457815847492,0.9869319796562195,-0.023427782580256462,0.15942631661891937,-6.346437454223633,0.021306632086634636,0.9996604323387146,0.015002025291323662,-3.611462354660034,-0.1597236543893814,-0.011409140191972256,0.9870961308479309,-39.359554290771484,0.0,0.0,0.0,1.0,0
0.7549915121776594,2.912656428421617,0.2811695466776209,1.5767303822937626,0.4259643133801031,0.4637928825348154,0.9881141781806946,-0.02766960673034191,0.15121248364448547,-6.42220401763916,0.0267218928784132,0.9996084570884705,0.008296419866383076,-3.423388957977295,-0.15138286352157593,-0.004157099407166243,0.9884665608406067,-39.197349548339844,0.0,0.0,0.0,1.0,0
0.4640234688013192,0.9853997026725682,0.5278887752694092,-0.44307764298830854,0.48539611807720306,0.3719771609897086,0.8008565306663513,0.1546565741300583,-0.5785410404205322,18.998090744018555,-0.14025364816188812,0.9876469969749451,0.06987089663743973,-4.0623064041137695,0.5822004675865173,0.025186020880937576,0.8126547336578369,-35.635677337646484,0.0,0.0,0.0,1.0,0
0.33464041713521886,0.7640629518523551,0.6489652768040866,-0.09793269751815324,0.5049591827943014,0.3779048041310797,0.8001059293746948,0.15985266864299774,-0.5781670212745667,18.707447052001953,-0.14576713740825653,0.9867605566978455,0.07109885662794113,-4.00517463684082,0.5818778872489929,0.02739110216498375,0.8128145337104797,-35.268890380859375,0.0,0.0,0.0,1.0,0
0.2952371301175517,0.5664080315100541,0.7480968589436628,0.56093881077291,0.48528617095280524,0.38852153051998045,0.8097392916679382,0.16679789125919342,-0.5625839233398438,18.756969451904297,-0.15261125564575195,0.9856188297271729,0.0725652426481247,-4.1198225021362305,0.5665967464447021,0.027097608894109726,0.8235494494438171,-35.154930114746094,0.0,0.0,0.0,1.0,0
0.35262756323070144,0.5914398665478394,0.6838482715017369,0.5858777000879923,0.2577881172841095,0.23638154865187236,0.8579210042953491,0.15479855239391327,-0.4899071156978607,18.949819564819336,-0.15658985078334808,0.9869464635848999,0.03763243928551674,-4.37188196182251,0.4893375337123871,0.044428855180740356,0.8709618449211121,-35.098777770996094,0.0,0.0,0.0,1.0,0
0.4723210061731956,0.3875189135029227,0.47370706905741716,0.7328193965993253,0.1193279175825771,0.08275969459693779,0.8821882009506226,0.10653392970561981,-0.45868855714797974,18.858631134033203,-0.15140028297901154,0.9865228533744812,-0.062058813869953156,-4.4775261878967285,0.4458952844142914,0.1241932213306427,0.8864275217056274,-35.01899719238281,0.0,0.0,0.0,1.0,0
0.5305863550210834,0.46403557484104535,0.4557476594421463,0.6839715736674181,0.11357006389946872,0.08470953330021708,0.8884871006011963,0.06256122142076492,-0.454617440700531,18.721336364746094,-0.1280866116285324,0.9851003885269165,-0.11476561427116394,-4.63746976852417,0.4406639039516449,0.1601981371641159,0.8832620978355408,-34.99124526977539,0.0,0.0,0.0,1.0,0
0.7397861982682803,0.9873579197511031,0.31281947020261625,-0.844041149068323,0.4234530468217045,0.3665108234201212,0.8711205124855042,0.06369209289550781,-0.4869213402271271,18.624797821044922,-0.1265033483505249,0.9871934652328491,-0.09718914330005646,-4.577473163604736,0.474495530128479,0.14626072347164154,0.8680217862129211,-35.039485931396484,0.0,0.0,0.0,1.0,0
0.7454810030748138,0.9865415082135235,0.2986706919973315,-0.9520171231948847,0.4276385808812291,0.34474746942208606,0.866864025592804,0.06888283044099808,-0.49376288056373596,18.516597747802734,-0.12909533083438873,0.9876426458358765,-0.08886150270700455,-4.479461669921875,0.4815402626991272,0.14077328145503998,0.8650442957878113,-34.9091796875,0.0,0.0,0.0,1.0,0
0.8102662167517631,0.9657394096149488,0.2317264331603657,-0.4891690937605018,0.427883353986268,0.3051410431791238,0.8436852693557739,0.06898630410432816,-0.5323867797851562,18.657588958740234,-0.13756631314754486,0.9863777756690979,-0.09019006043672562,-4.470914840698242,0.5189125537872314,0.14933043718338013,0.8416828513145447,-35.123409271240234,0.0,0.0,0.0,1.0,0
0.5978657403175184,0.6488351070386654,0.44874514989900166,0.5675943368018179,0.12979266939077816,0.07449022027158106,0.8576191663742065,0.06340482831001282,-0.5103620886802673,18.38087272644043,-0.13446104526519775,0.9854971766471863,-0.10351699590682983,-4.569612503051758,0.49639692902565,0.15740206837654114,0.8537063598632812,-34.92180633544922,0.0,0.0,0.0,1.0,0
0.5388729694842231,0.5303823107435227,0.45038956410100206,0.6296383755276883,0.09806216285983498,0.07604902320859494,0.8642266988754272,0.04135208576917648,-0.5014002323150635,18.62244415283203,-0.11430291086435318,0.9866923689842224,-0.11563993245363235,-4.817628860473633,0.4899459183216095,0.15725059807300568,0.857452929019928,-35.17980194091797,0.0,0.0,0.0,1.0,0
0.5894027195830849,0.9175796690631958,0.44743772391317815,-0.5054459050320009,0.44282343292706944,0.34710886563113935,0.8473537564277649,0.07414420694112778,-0.5258265733718872,18.70591926574707,-0.13350103795528412,0.9881454110145569,-0.07579921931028366,-4.703142166137695,0.5139731764793396,0.13442721962928772,0.8472074270248413,-35.29580307006836,0.0,0.0,0.0,1.0,0
0.34984798938798556,0.7443480435836108,0.7051373992779688,0.03948500673301146,0.47083140513941235,0.3854721481084903,0.8307123184204102,0.09164436906576157,-0.5491076707839966,18.83986473083496,-0.1431305706501007,0.9883589744567871,-0.05158035084605217,-4.615658760070801,0.5379883646965027,0.12144245207309723,0.8341589570045471,-35.25425720214844,0.0,0.0,0.0,1.0,0
0.3115432763827625,0.6690962424474309,0.7297000347387725,0.31033701024049953,0.45980809040286297,0.3770449260073055,0.8482963442802429,0.10102527588605881,-0.5197955369949341,18.830026626586914,-0.13651300966739655,0.9901736378669739,-0.030340848490595818,-4.561511993408203,0.5116226077079773,0.09669692069292068,0.8537519574165344,-34.84116744995117,0.0,0.0,0.0,1.0,0
0.26540554324679666,0.6439154126015652,0.7792638001201792,0.45410460685833043,0.42658674374582006,0.3769393925168954,0.8754454851150513,0.0917503759264946,-0.47452792525291443,18.981252670288086,-0.11967151612043381,0.9923927187919617,-0.02889917604625225,-4.602788925170898,0.46826663613319397,0.08208702504634857,0.8797659873962402,-34.87186813354492,0.0,0.0,0.0,1.0,0
0.45075285846813273,0.5026260863164868,0.6678326206924314,0.6343441919723817,0.11620702881024582,0.2059542277676825,0.8849989771842957,0.08733061701059341,-0.45732957124710083,19.24515724182129,-0.1215745359659195,0.9915190935134888,-0.04592617228627205,-4.72362756729126,0.4494403004646301,0.09624408185482025,0.8881107568740845,-34.784423828125,0.0,0.0,0.0,1.0,0
0.49269509204141704,0.336795143980681,0.5243266229635857,0.7635199383733946,0.05936494744717611,0.1155122413871617,0.9301138520240784,0.06738901883363724,-0.36103522777557373,18.96549415588379,-0.13476066291332245,0.9770772457122803,-0.1648002415895462,-4.869097709655762,0.3416537344455719,0.20193621516227722,0.9178749918937683,-34.115684509277344,0.0,0.0,0.0,1.0,0
0.5180507091313167,0.2964302921075641,0.48563835126230115,0.9701415539477823,0.07897200173769879,0.09290607823235567,0.9450873732566833,-0.006740896496921778,-0.32674747705459595,18.427814483642578,-0.07194958627223969,0.9709662795066833,-0.22813890874385834,-5.232065200805664,0.31879860162734985,0.23912061750888824,0.9171628952026367,-33.289730072021484,0.0,0.0,0.0,1.0,0
0.5173893043653824,0.29731774232213726,0.4828576310537321,1.0173266767569522,0.06136945719052133,0.0876194156469078,0.9459338188171387,-0.04795008525252342,-0.3207966089248657,18.069419860839844,-0.03682991489768028,0.9667388796806335,-0.2531002461910248,-5.344457626342773,0.32226279377937317,0.2512308657169342,0.9127049446105957,-33.26371383666992,0.0,0.0,0.0,1.0,0
0.7071017118435416,0.9295223340019597,0.33844345191742486,-3.32205100598883,0.3356962544413649,0.2733646062658814,0.9258213043212891,-0.08490677922964096,-0.368301659822464,17.91306495666504,-0.0033062107395380735,0.9725844860076904,-0.2325272262096405,-5.347235202789307,0.37794747948646545,0.21649622917175293,0.9001586437225342,-33.96144485473633,0.0,0.0,0.0,1.0,0
0.764006540245201,1.183603305785124,0.28749744761725254,2.6407224426986313,0.45370036354520443,0.3956090602499776,0.9017151594161987,-0.10291044414043427,-0.41990426182746887,17.791887283325195,0.018201978877186775,0.9794320464134216,-0.20095233619213104,-5.037652492523193,0.43194764852523804,0.1735585629940033,0.8850418329238892,-34.083377838134766,0.0,0.0,0.0,1.0,0
0.7745973357887278,1.8009060515539377,0.283112436459255,2.1221726557421148,0.44764058506381543,0.409226502566914,0.8984118103981018,-0.11336805671453476,-0.4242681562900543,17.807668685913086,0.052891459316015244,0.987004816532135,-0.15173546969890594,-4.758359909057617,0.4359566569328308,0.11388064175844193,0.8927333354949951,-34.22257995605469,0.0,0.0,0.0,1.0,0
0.2399207953643545,0.7186233045360956,0.7759483768043319,0.20283856420993296,0.5373280483080586,0.5339797353879359,0.9552975296974182,0.2727453112602234,0.11408881098031998,0.45187970995903015,-0.2844710946083069,0.9530835747718811,0.1034754142165184,-1.0379879474639893,-0.08051377534866333,-0.1313048005104065,0.9880667924880981,-39.303863525390625,0.0,0.0,0.0,1.0,0
0.33029998967306784,-1.2488279361163865,0.7824609827041566,-3.1954074741107608,0.45538592266061395,0.9183526254816847,0.6974702477455139,-0.3364371359348297,0.6327275633811951,5.485935211181641,0.09181686490774155,0.9176190495491028,0.3867090046405792,0.0698448047041893,-0.7107065916061401,-0.21162310242652893,0.6709027886390686,-37.60797882080078,0.0,0.0,0.0,1.0,0
0.39231014802971587,-0.5114492660961062,0.5846910867202523,3.1178305955767645,0.07612519305107664,0.22579805160872732,0.8549100160598755,0.21812376379966736,0.4706922769546509,6.1414079666137695,-0.078126460313797,0.9510971903800964,-0.2988484501838684,-4.27804708480835,-0.5128600597381592,0.21871502697467804,0.8301435708999634,-39.08259582519531,0.0,0.0,0.0,1.0,0
0.5529935932057011,0.13053658117455,0.4652492175577455,0.1811965811965812,0.14978258166937714,0.11814831485982939,0.9973573684692383,-0.04338572546839714,-0.05827748030424118,6.536616802215576,0.026531999930739403,0.9642221927642822,-0.2637648582458496,-3.725503444671631,0.06763604283332825,0.26152169704437256,0.9628250598907471,-39.295494079589844,0.0,0.0,0.0,1.0,0
0.6218860093220977,0.1182904798435992,0.46655851265003884,0.5049894143506345,0.27594562632120295,0.19799945479970615,0.9501702785491943,-0.18328431248664856,-0.2521589696407318,8.597515106201172,0.12102888524532318,0.9623377323150635,-0.24343132972717285,-4.007122993469238,0.2872792184352875,0.20078277587890625,0.9365671277046204,-39.605735778808594,0.0,0.0,0.0,1.0,0
0.762427214123032,0.665185032862216,0.3569940785299047,0.4876074086201524,0.47056246216169023,0.258611051045124,0.6716262698173523,-0.23826347291469574,-0.7015328407287598,5.12803840637207,0.15587040781974792,0.9711267352104187,-0.18060092628002167,-2.6375796794891357,0.7243080735206604,0.011948147788643837,0.6893725991249084,-40.44043731689453,0.0,0.0,0.0,1.0,0
0.9996829050175827,-0.27666391749567554,0.3007954272418023,1.0362813897648584,0.8456566316905992,0.47778551723294455,0.6297836303710938,-0.011638203635811806,-0.7766830921173096,3.8176584243774414,0.10645972937345505,0.9917452931404114,0.07146342843770981,-0.8714605569839478,0.7694402933120728,-0.12769195437431335,0.625823974609375,-41.13545608520508,0.0,0.0,0.0,1.0,0
0.7130022633540503,0.4105909002161514,0.39212043334211705,1.0491784561674142,0.34240557369429747,0.35962231371688985,0.724453330039978,0.12945693731307983,-0.6770586967468262,4.587559223175049,0.18534184992313385,0.9094557762145996,0.37220802903175354,0.3530304431915283,0.6639397144317627,-0.3951346278190613,0.6348643898963928,-40.864078521728516,0.0,0.0,0.0,1.0,0
0.543423462366278,0.22334722038306526,0.5852279387548912,1.968981513535969,0.2343913285787164,0.26011640630004035,0.9610454440116882,0.020255310460925102,-0.2756475806236267,5.019591331481934,0.1759028136730194,0.7244382500648499,0.6665191650390625,0.79656982421875,0.21319015324115753,-0.689042329788208,0.6926549077033997,-40.35005187988281,0.0,0.0,0.0,1.0,0
0.4269185892452717,-0.0666198267825053,0.6704790796627531,-0.5867642444646083,0.27630959501329344,0.281054782383853,0.9524447917938232,-0.2655485272407532,0.14944174885749817,6.442551612854004,0.08547825366258621,0.7035884857177734,0.705447793006897,1.3940383195877075,-0.2924761176109314,-0.6591262221336365,0.6928275227546692,-40.05434799194336,0.0,0.0,0.0,1.0,0
0.3114121733445676,-1.095982787500722,0.6245693233838677,0.8973126860199284,0.36060754034616843,0.3127493409815093,0.7448656558990479,-0.4401856064796448,0.5014086365699768,7.481073379516602,0.07566667348146439,0.8023775815963745,0.5919997692108154,1.5198862552642822,-0.6629093289375305,-0.4030207097530365,0.6309711933135986,-40.8869514465332,0.0,0.0,0.0,1.0,0
0.35758700241824787,331.6395563770795,0.8711357386884426,3.2311245711218874,0.5418301353915095,0.8390545836920691,0.5917434096336365,-0.3121154308319092,0.7432512640953064,7.723236560821533,-0.0017479648813605309,0.921504557132721,0.38836151361465454,0.6309263110160828,-0.8061237931251526,-0.2311098277568817,0.5447491407394409,-39.07280349731445,0.0,0.0,0.0,1.0,0
0.24728782745397043,1.0175259119666173,1.0925615155987787,-0.4707160400529001,0.4267096350741801,0.7069540177818664,0.6148664951324463,-0.14544881880283356,0.775101900100708,8.635089874267578,-0.052116118371486664,0.9732022881507874,0.22396494448184967,-0.7683098316192627,-0.786906898021698,-0.17810386419296265,0.5908095240592957,-38.168975830078125,0.0,0.0,0.0,1.0,0
0.31135456820179885,-0.05718756668326339,1.0789065361114858,0.9124202327327328,0.33242103657144245,0.639200358576194,0.6354608535766602,0.1924225240945816,0.7477720975875854,7.71809196472168,-0.04536842927336693,0.976081371307373,-0.21261875331401825,-3.2051093578338623,-0.7707990407943726,0.10118571668863297,0.6289913058280945,-38.02764892578125,0.0,0.0,0.0,1.0,0
0.4792740401507166,378.97835497835496,0.5304824031569623,0.4484052066772655,0.09990980075787156,0.36073545399438245,0.8849171996116638,0.1277233362197876,0.4478929340839386,7.309807300567627,0.04495515674352646,0.9337498545646667,-0.35509181022644043,-4.600531578063965,-0.4635733366012573,0.33436188101768494,0.820549488067627,-37.9007568359375,0.0,0.0,0.0,1.0,0
0.4579865985665731,1.94937149732451,0.5226444259133387,0.24683015555767054,0.09111168450746279,0.11872429558436512,0.9912075996398926,-0.07016173005104065,0.11218658834695816,5.733417987823486,0.11169873923063278,0.8981984853744507,-0.42516326904296875,-5.633566856384277,-0.07093573361635208,0.43395599722862244,0.8981377482414246,-38.078224182128906,0.0,0.0,0.0,1.0,0
0.52570166445629,1.0000931148238799,0.4743745217200753,0.20831393660611816,0.10844818961891606,0.07853384700213299,0.94789719581604,-0.2735150158405304,-0.16334287822246552,3.208740234375,0.17155449092388153,0.8702794909477234,-0.4617179036140442,-5.933864593505859,0.26844048500061035,0.40963882207870483,0.8718579411506653,-38.308929443359375,0.0,0.0,0.0,1.0,0
0.8125875215456378,8.253009850419556,0.17739199994195495,0.7228179044326007,1.1323811533593067,0.5503628493012027,0.6367260217666626,-0.42405349016189575,-0.6440169811248779,-1.076884150505066,0.26291796565055847,0.9045476913452148,-0.33565884828567505,-5.014157772064209,0.7248818278312683,0.0443991981446743,0.6874403953552246,-38.529720306396484,0.0,0.0,0.0,1.0,0
0.7285621002225764,0.3904872551525432,0.28285064396619275,0.696676095655983,0.5229589904674686,0.3866790541428327,0.639775276184082,-0.06827787309885025,-0.7655233144760132,-2.7021329402923584,0.26437947154045105,0.9548113942146301,0.13579079508781433,-1.3297199010849,0.7216587662696838,-0.2892642319202423,0.6289161443710327,-38.61845779418945,0.0,0.0,0.0,1.0,0
0.6994140545483585,0.42302557021094234,0.367608397584855,0.9935264559622147,0.30419480855887243,0.26942869756085946,0.7323057055473328,0.09267260879278183,-0.6746419072151184,-0.45831215381622314,0.2117028832435608,0.9106253981590271,0.3548865020275116,0.7119535207748413,0.647233784198761,-0.4027087688446045,0.647236704826355,-40.09602355957031,0.0,0.0,0.0,1.0,0
0.49975239600846916,-0.05447559871054451,0.4925884093317074,8.53297520410331,0.21663828890956932,0.23964258905570654,0.9894448518753052,-0.009807351045310497,-0.1445794701576233,2.9052441120147705,0.10565044730901718,0.731693685054779,0.6733963489532471,1.1814689636230469,0.09918366372585297,-0.6815633177757263,0.7250065207481384,-40.29682540893555,0.0,0.0,0.0,1.0,0
0.258010739075966,1.502415077750286,0.786924302618259,0.0179424138119434,0.46458248813305264,0.6905113349482297,0.7132555842399597,-0.18663698434829712,0.6755977869033813,7.941192150115967,-0.08264348655939102,0.9347765445709229,0.34548676013946533,-0.45723050832748413,-0.6960139274597168,-0.30225440859794617,0.6513110399246216,-37.94078063964844,0.0,0.0,0.0,1.0,0
0.3191293873312565,2.8735626946153263,0.9086547744589838,4.2546497096228775,0.5567428533797423,1.0873352641497718,0.7080475687980652,-0.10258814692497253,0.69867342710495,7.968728542327881,0.012887130491435528,0.9911036491394043,0.13246643543243408,-1.617194652557373,-0.7060471773147583,-0.08478856086730957,0.7030707597732544,-36.68904113769531,0.0,0.0,0.0,1.0,0
0.3431096095995047,-0.11216282918614442,0.87074814688668,1.069843088451231,0.5065819383811907,1.1500119063007406,0.6949241757392883,-0.18242663145065308,0.6955584287643433,7.817329406738281,0.09211941808462143,0.9819000363349915,0.16549113392829895,-1.2294255495071411,-0.7131584882736206,-0.05092932656407356,0.6991508603096008,-36.75926208496094,0.0,0.0,0.0,1.0,0
0.2935349256279342,0.1862258667464921,0.8245174912692226,1.0971904985331196,0.4320982366496903,0.8492758751198103,0.7074275016784668,-0.3331756889820099,0.6233301162719727,6.516900062561035,0.18672721087932587,0.9386897683143616,0.28981858491897583,-0.1452021598815918,-0.6816738843917847,-0.08863301575183868,0.7262678146362305,-36.97249984741211,0.0,0.0,0.0,1.0,0
0.21224666023264083,0.2948012549436879,0.9479278286559627,0.8156163797203463,0.17252745562022756,0.5280052421301538,0.5671445727348328,-0.4863758087158203,0.6646696925163269,4.044209957122803,0.3435957729816437,0.8731534481048584,0.3457537591457367,-1.323488712310791,-0.7485247850418091,0.032285455614328384,0.6623205542564392,-34.71219253540039,0.0,0.0,0.0,1.0,0
0.26465811818449025,0.35622964477026986,0.8581332813717849,0.7867833391303438,0.1826460341720568,0.5054856314425596,0.5927563309669495,-0.46269741654396057,0.6592047810554504,4.097157001495361,0.3357827961444855,0.885948657989502,0.3199138045310974,-1.3768647909164429,-0.7320448160171509,0.03171871230006218,0.6805174350738525,-34.49818420410156,0.0,0.0,0.0,1.0,0
0.6196369082973943,0.11325260548482134,0.49545963701835527,1.5136649214659685,0.26745023851292565,0.2883595229287659,0.9824689030647278,-0.15865103900432587,0.09790067374706268,4.388338565826416,0.11259961128234863,0.9235287308692932,0.36662808060646057,-0.0941765084862709,-0.14857997000217438,-0.34917715191841125,0.9252021312713623,-38.61017608642578,0.0,0.0,0.0,1.0,0
0.2826597774448414,-1.4429693849905174,0.7499011972567708,-5.261153691004437,0.3853568543150949,0.42047167848932715,0.9578167200088501,-0.11131579428911209,0.26494303345680237,10.189826011657715,0.007817119359970093,0.9316832423210144,0.3631863296031952,-4.770382881164551,-0.2872714400291443,-0.34579500555992126,0.8932525515556335,-52.082008361816406,0.0,0.0,0.0,1.0,0
0.6500030448034819,-1.4631985954114142,0.41613724072526503,4.356397708736391,0.40792534690441673,0.46046724816902057,0.9745749831199646,-0.11844440549612045,0.19019493460655212,9.646005630493164,0.052989114075899124,0.9466131925582886,0.3179852366447449,-4.472700595855713,-0.21770484745502472,-0.29982224106788635,0.9288220405578613,-51.78999328613281,0.0,0.0,0.0,1.0,0
0.7735561246836675,-1.0450615125409288,0.23856874023576197,2.3832909229369044,0.4511153083145418,0.5015501939891137,0.9776821136474609,-0.12387621402740479,0.16967995464801788,9.537734985351562,0.06391974538564682,0.9447706341743469,0.3214370310306549,-4.499467372894287,-0.20012716948986053,-0.303417444229126,0.9316039681434631,-51.69146728515625,0.0,0.0,0.0,1.0,0
0.4057940798324125,-1.2135601716029545,0.7345451874701627,2.7240498243372726,0.425751114698806,0.435288157819345,0.9823598861694336,-0.11514713615179062,0.1473408043384552,9.429308891296387,0.06820519268512726,0.9542793035507202,0.2910292148590088,-4.517095565795898,-0.17411555349826813,-0.2758462429046631,0.9452999234199524,-51.508033752441406,0.0,0.0,0.0,1.0,0
0.6363977523313584,-1.1074746935019444,0.45290562977836124,3.1173542481120853,0.397123775567416,0.42058909815430806,0.983045220375061,-0.11282464861869812,0.14454522728919983,9.421744346618652,0.06607356667518616,0.953294038772583,0.2947295308113098,-4.528539657592773,-0.17104682326316833,-0.28018173575401306,0.9445853233337402,-51.50544357299805,0.0,0.0,0.0,1.0,0
0.7743017155477857,-0.946531050249615,0.2840836421131849,2.7212696335078532,0.41841075955261126,0.4574465026216213,0.9838919639587402,-0.11230233311653137,0.13908743858337402,9.526493072509766,0.06469323486089706,0.9489890336990356,0.3086012005805969,-4.675624370574951,-0.16664902865886688,-0.294632226228714,0.9409680962562561,-51.57497024536133,0.0,0.0,0.0,1.0,0
0.6716628100818591,0.39925080442473626,0.4143668430532196,-4.660842508377214,0.24534631153902917,0.18100471387591932,0.9919501543045044,-0.10774397850036621,0.06652669608592987,9.243387222290039,0.07828681170940399,0.9347473978996277,0.3465801179409027,-4.962549209594727,-0.09952759742736816,-0.3385820984840393,0.9356582760810852,-52.339351654052734,0.0,0.0,0.0,1.0,0
0.5546611521378543,0.47265375754767036,0.49929751518985477,1.5330139242401557,0.15766434798374557,0.14911617824729534,0.9918818473815918,-0.11840599775314331,0.046372704207897186,9.120328903198242,0.09785173088312149,0.9435882568359375,0.31633231043815613,-5.229897975921631,-0.08121240884065628,-0.3092265725135803,0.9475140571594238,-52.81664276123047,0.0,0.0,0.0,1.0,0
0.4689427617089405,0.49002392607667344,0.5329034295504704,2.0449793672627234,0.11441102980327865,0.14557530281603356,0.9922943115234375,-0.11114468425512314,0.0547618493437767,9.149209022521973,0.09156031906604767,0.955542266368866,0.28027912974357605,-5.278065204620361,-0.08347874879837036,-0.2731053829193115,0.9583553075790405,-52.74964904785156,0.0,0.0,0.0,1.0,0
0.3084587909911585,-1.146545110702753,0.7896203984586374,3.456979747179557,0.37890896931467216,0.3942822203656234,0.9912332892417908,-0.07830719649791718,0.106413833796978,9.485306739807129,0.04712618887424469,0.9620035886764526,0.2689380347728729,-4.986564636230469,-0.12343033403158188,-0.26156550645828247,0.9572603702545166,-52.43190002441406,0.0,0.0,0.0,1.0,0
0.2756323423135746,-1.5805274118445376,0.8031326253251339,3.746403162055336,0.41053695284994596,0.434405493535899,0.9901459217071533,-0.07207238674163818,0.12006966769695282,9.593832969665527,0.038120731711387634,0.96373450756073,0.26412633061408997,-4.806338310241699,-0.13475143909454346,-0.25694650411605835,0.9569852948188782,-52.22050476074219,0.0,0.0,0.0,1.0,0
0.31077681726526785,-2.0676211645746165,0.7252872396386087,4.5622977045276984,0.408878529718376,0.44261047508432333,0.9890604019165039,-0.07923252880573273,0.1244286447763443,9.57698917388916,0.04272376373410225,0.9612154364585876,0.2724705934524536,-4.673379898071289,-0.14119122922420502,-0.2641737163066864,0.9540848135948181,-51.835994720458984,0.0,0.0,0.0,1.0,0
0.7190480765726516,-2.078948618102384,0.4217297734171624,2.5671276853873866,0.40709976809694454,0.4198535595287379,0.990888774394989,-0.09152930229902267,0.09880315512418747,9.38985538482666,0.062080781906843185,0.9614089131355286,0.2680274248123169,-4.5525007247924805,-0.11952261626720428,-0.25945156812667847,0.9583314657211304,-51.69635772705078,0.0,0.0,0.0,1.0,0
0.9437852662106359,0.4903079856510358,0.19590438657876322,0.6763851928776963,0.6110577499619056,0.4673456192156477,0.6005361676216125,-0.09379405528306961,-0.7940765619277954,14.908023834228516,0.23352932929992676,0.9703707098960876,0.06199363246560097,-4.748345375061035,0.7647346258163452,-0.222669780254364,0.6046469807624817,-49.754520416259766,0.0,0.0,0.0,1.0,0
0.8372985557859507,0.4147925930046946,0.21908930309937957,0.6486797553565932,0.4577571367634455,0.40797349112500253,0.7225509285926819,-0.1258196383714676,-0.679772138595581,19.92774772644043,0.3173845708370209,0.9339203238487244,0.16449792683124542,-5.8199462890625,0.6141558289527893,-0.33460745215415955,0.7147382497787476,-51.9361572265625,0.0,0.0,0.0,1.0,0
0.8757894943313326,0.45531201004826505,0.15307591235279153,0.6254304982058818,0.5120280943310035,0.43814083647126184,0.7056049108505249,-0.1078004240989685,-0.7003576755523682,19.461528778076172,0.3190820515155792,0.9308232069015503,0.17819879949092865,-6.134474277496338,0.6326993107795715,-0.3492095470428467,0.6911905407905579,-52.2610969543457,0.0,0.0,0.0,1.0,0
0.8851666765258855,0.44866652335585144,0.21006832414358736,0.6896132867165164,0.5365628471352446,0.4522096760846267,0.689363420009613,-0.09902708977460861,-0.71761554479599,18.32379150390625,0.2998589873313904,0.9407694935798645,0.15823248028755188,-5.639969348907471,0.6594416499137878,-0.32426297664642334,0.6782261729240417,-51.9249382019043,0.0,0.0,0.0,1.0,0
